16
0 0 213
0 1 213
0 2 213
0 3 213
0 4 213
0 5 213
0 6 213
0 7 213
0 8 10
0 9 10
0 10 213
0 11 213
0 12 213
0 13 213
0 14 213
0 15 213
1 0 213
1 1 213
1 2 213
1 3 213
1 4 213
1 5 213
1 6 213
1 7 10
1 8 164
1 9 164
1 10 10
1 11 213
1 12 213
1 13 213
1 14 213
1 15 213
2 0 213
2 1 213
2 2 213
2 3 213
2 4 213
2 5 213
2 6 10
2 7 164
2 8 213
2 9 213
2 10 164
2 11 10
2 12 213
2 13 213
2 14 213
2 15 213
3 0 213
3 1 213
3 2 213
3 3 213
3 4 213
3 5 213
3 6 10
3 7 164
3 8 213
3 9 213
3 10 164
3 11 10
3 12 213
3 13 213
3 14 213
3 15 213
4 0 213
4 1 213
4 2 213
4 3 213
4 4 213
4 5 213
4 6 10
4 7 164
4 8 58
4 9 58
4 10 164
4 11 10
4 12 213
4 13 213
4 14 213
4 15 213
5 0 213
5 1 213
5 2 213
5 3 213
5 4 213
5 5 213
5 6 213
5 7 35
5 8 0
5 9 58
5 10 0
5 11 213
5 12 213
5 13 213
5 14 213
5 15 213
6 0 213
6 1 213
6 2 213
6 3 213
6 4 213
6 5 213
6 6 0
6 7 199
6 8 138
6 9 48
6 10 48
6 11 0
6 12 0
6 13 213
6 14 213
6 15 213
7 0 213
7 1 213
7 2 213
7 3 213
7 4 213
7 5 24
7 6 164
7 7 213
7 8 213
7 9 213
7 10 213
7 11 213
7 12 0
7 13 213
7 14 213
7 15 213
8 0 213
8 1 213
8 2 213
8 3 213
8 4 213
8 5 0
8 6 199
8 7 199
8 8 85
8 9 85
8 10 85
8 11 24
8 12 24
8 13 213
8 14 213
8 15 213
9 0 213
9 1 213
9 2 213
9 3 213
9 4 213
9 5 0
9 6 199
9 7 199
9 8 138
9 9 48
9 10 35
9 11 213
9 12 213
9 13 213
9 14 213
9 15 213
10 0 213
10 1 213
10 2 213
10 3 213
10 4 10
10 5 85
10 6 199
10 7 199
10 8 199
10 9 199
10 10 58
10 11 35
10 12 213
10 13 213
10 14 213
10 15 213
11 0 213
11 1 213
11 2 213
11 3 10
11 4 58
11 5 199
11 6 199
11 7 58
11 8 138
11 9 199
11 10 199
11 11 58
11 12 0
11 13 213
11 14 213
11 15 213
12 0 213
12 1 10
12 2 35
12 3 110
12 4 199
12 5 199
12 6 85
12 7 0
12 8 0
12 9 58
12 10 199
12 11 187
12 12 58
12 13 0
12 14 213
12 15 213
13 0 213
13 1 24
13 2 38
13 3 199
13 4 187
13 5 58
13 6 10
13 7 213
13 8 213
13 9 35
13 10 58
13 11 164
13 12 48
13 13 10
13 14 213
13 15 213
14 0 213
14 1 213
14 2 0
14 3 138
14 4 10
14 5 10
14 6 213
14 7 213
14 8 213
14 9 213
14 10 0
14 11 10
14 12 24
14 13 213
14 14 213
14 15 213
15 0 213
15 1 213
15 2 213
15 3 0
15 4 213
15 5 213
15 6 213
15 7 213
15 8 213
15 9 213
15 10 213
15 11 213
15 12 213
15 13 213
15 14 213
15 15 213