72
0 1 4
0 2 4
0 3 4
0 4 4
0 5 4
0 6 4
0 7 4
0 8 4
0 9 4
0 10 4
1 11 2
1 12 3
2 13 2
2 14 3
3 15 2
3 16 3
4 17 2
4 18 3
5 19 2
5 20 3
6 21 2
6 22 3
7 23 2
7 24 3
8 25 2
8 26 3
9 27 2
9 28 3
10 29 2
10 30 3
11 31 1
11 32 1
12 33 1
12 34 1
13 35 1
13 36 1
14 37 1
14 38 1
15 39 1
15 40 1
16 41 1
16 42 1
17 43 1
17 44 1
18 45 1
18 46 1
19 47 1
19 48 1
20 49 1
20 50 1
21 51 1
21 52 1
22 53 1
22 54 1
23 55 1
23 56 1
24 57 1
24 58 1
25 59 1
25 60 1
26 61 1
26 62 1
27 63 1
27 64 1
28 65 1
28 66 1
29 67 1
29 68 1
30 69 1
30 70 1
31 71 2
32 71 2
33 71 2
34 71 2
35 71 2
36 71 2
37 71 2
38 71 2
39 71 2
40 71 2
41 71 2
42 71 2
43 71 2
44 71 2
45 71 2
46 71 2
47 71 2
48 71 2
49 71 2
50 71 2
51 71 2
52 71 2
53 71 2
54 71 2
55 71 2
56 71 2
57 71 2
58 71 2
59 71 2
60 71 2
61 71 2
62 71 2
63 71 2
64 71 2
65 71 2
66 71 2
67 71 2
68 71 2
69 71 2
70 71 2
